NAME : single
TYPE : ATSP
DIMENSION : 19
EDGE_WEIGHT_TYPE : EXPLICIT
EDGE_WEIGHT_FORMAT : FULL_MATRIX
EDGE_WEIGHT_SECTION
0 50257 1351 1593 1580 1497 1543 50283 50387 50390 930 1150 940 50398 536 253 50312 211 184 
0 0 689 803 817 918 743 370 879 939 285 376 187 692 826 50000 427 50000 50000 
0 689 0 246 284 256 188 350 329 356 451 229 443 427 50000 50000 675 50000 50000 
0 803 246 0 0 379 165 536 551 50000 809 493 813 686 50000 50000 1057 50000 50000 
0 817 284 69 0 386 96 550 556 569 840 521 830 703 1159 50000 1087 50000 50000 
0 918 256 379 386 0 0 548 237 232 762 366 752 377 1066 1367 792 50000 1270 
0 743 188 165 96 350 0 475 484 50000 744 420 744 624 50000 50000 990 50000 50000 
0 370 350 536 550 548 475 0 560 617 223 159 218 599 891 50000 491 50000 50000 
0 879 329 551 556 237 484 560 0 67 493 399 484 169 774 1093 726 50000 987 
0 939 356 50000 569 232 50000 617 67 0 549 458 540 238 831 1123 840 50000 1066 
0 285 451 809 840 762 744 223 493 549 0 233 245 517 651 50000 242 50000 50000 
0 376 229 493 521 366 420 159 399 458 233 0 0 529 688 50000 498 50000 50000 
0 187 443 813 830 752 744 218 484 540 245 255 0 507 633 50000 249 50000 50000 
0 692 427 686 703 377 624 599 169 238 517 529 507 0 644 936 665 963 843 
0 826 50000 50000 1159 1066 50000 891 774 831 651 688 633 644 0 169 50000 240 145 
0 50000 50000 50000 50000 1367 50000 50000 1093 1123 50000 50000 50000 936 246 0 50000 113 289 
0 427 675 1057 1087 792 990 491 726 840 242 498 249 665 50000 50000 0 50000 0 
0 50000 50000 50000 50000 50000 50000 50000 50000 50000 50000 50000 50000 963 240 113 50000 0 176 
0 50000 50000 50000 50000 1270 50000 50000 987 1066 50000 50000 50000 843 145 289 50000 176 0 
